request 0 numel 1000 result[-50:] : 0.121103 0.194232 -0.0374618 -0.262271 -0.232704 -0.14218 -0.0417463 -0.0955287 -0.112461 -0.0670222 -0.138151 0.258991 -0.0275962 -0.326403 -0.0662274 -0.0531519 0.148677 -0.0851075 0.0925607 -0.144787 -0.0302612 0.286259 0.0649765 -0.225883 0.00181384 0.498668 -0.000381406 -0.258443 -0.0383942 -0.270423 -0.10195 -0.233346 0.346206 -0.120741 -0.056784 0.0458811 0.114126 0.166328 0.0936981 -0.257319 0.0274765 -0.200955 0.270559 -0.0427965 -0.208725 -0.0834737 -0.48922 -0.113513 0.116998 0.176185 
request 0 numel 1000 result[-50:] : 0.121103 0.194232 -0.0374618 -0.262271 -0.232704 -0.14218 -0.0417463 -0.0955287 -0.112461 -0.0670222 -0.138151 0.258991 -0.0275962 -0.326403 -0.0662274 -0.0531519 0.148677 -0.0851075 0.0925607 -0.144787 -0.0302612 0.286259 0.0649765 -0.225883 0.00181384 0.498668 -0.000381406 -0.258443 -0.0383942 -0.270423 -0.10195 -0.233346 0.346206 -0.120741 -0.056784 0.0458811 0.114126 0.166328 0.0936981 -0.257319 0.0274765 -0.200955 0.270559 -0.0427965 -0.208725 -0.0834737 -0.48922 -0.113513 0.116998 0.176185 
request 0 numel 1000 result[-50:] : 0.121103 0.194232 -0.0374618 -0.262271 -0.232704 -0.14218 -0.0417463 -0.0955287 -0.112461 -0.0670222 -0.138151 0.258991 -0.0275962 -0.326403 -0.0662274 -0.0531519 0.148677 -0.0851075 0.0925607 -0.144787 -0.0302612 0.286259 0.0649765 -0.225883 0.00181384 0.498668 -0.000381406 -0.258443 -0.0383942 -0.270423 -0.10195 -0.233346 0.346206 -0.120741 -0.056784 0.0458811 0.114126 0.166328 0.0936981 -0.257319 0.0274765 -0.200955 0.270559 -0.0427965 -0.208725 -0.0834737 -0.48922 -0.113513 0.116998 0.176185 
request 0 numel 1000 result[-50:] : 0.121103 0.194232 -0.0374618 -0.262271 -0.232704 -0.14218 -0.0417463 -0.0955287 -0.112461 -0.0670222 -0.138151 0.258991 -0.0275962 -0.326403 -0.0662274 -0.0531519 0.148677 -0.0851075 0.0925607 -0.144787 -0.0302612 0.286259 0.0649765 -0.225883 0.00181384 0.498668 -0.000381406 -0.258443 -0.0383942 -0.270423 -0.10195 -0.233346 0.346206 -0.120741 -0.056784 0.0458811 0.114126 0.166328 0.0936981 -0.257319 0.0274765 -0.200955 0.270559 -0.0427965 -0.208725 -0.0834737 -0.48922 -0.113513 0.116998 0.176185 
request 0 numel 1000 result[-50:] : 0.121103 0.194232 -0.0374618 -0.262271 -0.232704 -0.14218 -0.0417463 -0.0955287 -0.112461 -0.0670222 -0.138151 0.258991 -0.0275962 -0.326403 -0.0662274 -0.0531519 0.148677 -0.0851075 0.0925607 -0.144787 -0.0302612 0.286259 0.0649765 -0.225883 0.00181384 0.498668 -0.000381406 -0.258443 -0.0383942 -0.270423 -0.10195 -0.233346 0.346206 -0.120741 -0.056784 0.0458811 0.114126 0.166328 0.0936981 -0.257319 0.0274765 -0.200955 0.270559 -0.0427965 -0.208725 -0.0834737 -0.48922 -0.113513 0.116998 0.176185 
request 1 numel 1000 result[-50:] : 0.121103 0.194232 -0.0374618 -0.262271 -0.232704 -0.14218 -0.0417463 -0.0955287 -0.112461 -0.0670222 -0.138151 0.258991 -0.0275962 -0.326403 -0.0662274 -0.0531519 0.148677 -0.0851075 0.0925607 -0.144787 -0.0302612 0.286259 0.0649765 -0.225883 0.00181384 0.498668 -0.000381406 -0.258443 -0.0383942 -0.270423 -0.10195 -0.233346 0.346206 -0.120741 -0.056784 0.0458811 0.114126 0.166328 0.0936981 -0.257319 0.0274765 -0.200955 0.270559 -0.0427965 -0.208725 -0.0834737 -0.48922 -0.113513 0.116998 0.176185 
request 0 numel 1000 result[-50:] : 0.121103 0.194232 -0.0374618 -0.262271 -0.232704 -0.14218 -0.0417463 -0.0955287 -0.112461 -0.0670222 -0.138151 0.258991 -0.0275962 -0.326403 -0.0662274 -0.0531519 0.148677 -0.0851075 0.0925607 -0.144787 -0.0302612 0.286259 0.0649765 -0.225883 0.00181384 0.498668 -0.000381406 -0.258443 -0.0383942 -0.270423 -0.10195 -0.233346 0.346206 -0.120741 -0.056784 0.0458811 0.114126 0.166328 0.0936981 -0.257319 0.0274765 -0.200955 0.270559 -0.0427965 -0.208725 -0.0834737 -0.48922 -0.113513 0.116998 0.176185 
request 1 numel 1000 result[-50:] : 0.121103 0.194232 -0.0374618 -0.262271 -0.232704 -0.14218 -0.0417463 -0.0955287 -0.112461 -0.0670222 -0.138151 0.258991 -0.0275962 -0.326403 -0.0662274 -0.0531519 0.148677 -0.0851075 0.0925607 -0.144787 -0.0302612 0.286259 0.0649765 -0.225883 0.00181384 0.498668 -0.000381406 -0.258443 -0.0383942 -0.270423 -0.10195 -0.233346 0.346206 -0.120741 -0.056784 0.0458811 0.114126 0.166328 0.0936981 -0.257319 0.0274765 -0.200955 0.270559 -0.0427965 -0.208725 -0.0834737 -0.48922 -0.113513 0.116998 0.176185 
request 0 numel 1000 result[-50:] : 0.121103 0.194232 -0.0374618 -0.262271 -0.232704 -0.14218 -0.0417463 -0.0955287 -0.112461 -0.0670222 -0.138151 0.258991 -0.0275962 -0.326403 -0.0662274 -0.0531519 0.148677 -0.0851075 0.0925607 -0.144787 -0.0302612 0.286259 0.0649765 -0.225883 0.00181384 0.498668 -0.000381406 -0.258443 -0.0383942 -0.270423 -0.10195 -0.233346 0.346206 -0.120741 -0.056784 0.0458811 0.114126 0.166328 0.0936981 -0.257319 0.0274765 -0.200955 0.270559 -0.0427965 -0.208725 -0.0834737 -0.48922 -0.113513 0.116998 0.176185 
request 1 numel 1000 result[-50:] : 0.121103 0.194232 -0.0374618 -0.262271 -0.232704 -0.14218 -0.0417463 -0.0955287 -0.112461 -0.0670222 -0.138151 0.258991 -0.0275962 -0.326403 -0.0662274 -0.0531519 0.148677 -0.0851075 0.0925607 -0.144787 -0.0302612 0.286259 0.0649765 -0.225883 0.00181384 0.498668 -0.000381406 -0.258443 -0.0383942 -0.270423 -0.10195 -0.233346 0.346206 -0.120741 -0.056784 0.0458811 0.114126 0.166328 0.0936981 -0.257319 0.0274765 -0.200955 0.270559 -0.0427965 -0.208725 -0.0834737 -0.48922 -0.113513 0.116998 0.176185 
request 2 numel 1000 result[-50:] : 0.121103 0.194232 -0.0374618 -0.262271 -0.232704 -0.14218 -0.0417463 -0.0955287 -0.112461 -0.0670222 -0.138151 0.258991 -0.0275962 -0.326403 -0.0662274 -0.0531519 0.148677 -0.0851075 0.0925607 -0.144787 -0.0302612 0.286259 0.0649765 -0.225883 0.00181384 0.498668 -0.000381406 -0.258443 -0.0383942 -0.270423 -0.10195 -0.233346 0.346206 -0.120741 -0.056784 0.0458811 0.114126 0.166328 0.0936981 -0.257319 0.0274765 -0.200955 0.270559 -0.0427965 -0.208725 -0.0834737 -0.48922 -0.113513 0.116998 0.176185 
request 0 numel 1000 result[-50:] : 0.121103 0.194232 -0.0374618 -0.262271 -0.232704 -0.14218 -0.0417463 -0.0955287 -0.112461 -0.0670222 -0.138151 0.258991 -0.0275962 -0.326403 -0.0662274 -0.0531519 0.148677 -0.0851075 0.0925607 -0.144787 -0.0302612 0.286259 0.0649765 -0.225883 0.00181384 0.498668 -0.000381406 -0.258443 -0.0383942 -0.270423 -0.10195 -0.233346 0.346206 -0.120741 -0.056784 0.0458811 0.114126 0.166328 0.0936981 -0.257319 0.0274765 -0.200955 0.270559 -0.0427965 -0.208725 -0.0834737 -0.48922 -0.113513 0.116998 0.176185 
request 1 numel 1000 result[-50:] : 0.121103 0.194232 -0.0374618 -0.262271 -0.232704 -0.14218 -0.0417463 -0.0955287 -0.112461 -0.0670222 -0.138151 0.258991 -0.0275962 -0.326403 -0.0662274 -0.0531519 0.148677 -0.0851075 0.0925607 -0.144787 -0.0302612 0.286259 0.0649765 -0.225883 0.00181384 0.498668 -0.000381406 -0.258443 -0.0383942 -0.270423 -0.10195 -0.233346 0.346206 -0.120741 -0.056784 0.0458811 0.114126 0.166328 0.0936981 -0.257319 0.0274765 -0.200955 0.270559 -0.0427965 -0.208725 -0.0834737 -0.48922 -0.113513 0.116998 0.176185 
request 2 numel 1000 result[-50:] : 0.121103 0.194232 -0.0374618 -0.262271 -0.232704 -0.14218 -0.0417463 -0.0955287 -0.112461 -0.0670222 -0.138151 0.258991 -0.0275962 -0.326403 -0.0662274 -0.0531519 0.148677 -0.0851075 0.0925607 -0.144787 -0.0302612 0.286259 0.0649765 -0.225883 0.00181384 0.498668 -0.000381406 -0.258443 -0.0383942 -0.270423 -0.10195 -0.233346 0.346206 -0.120741 -0.056784 0.0458811 0.114126 0.166328 0.0936981 -0.257319 0.0274765 -0.200955 0.270559 -0.0427965 -0.208725 -0.0834737 -0.48922 -0.113513 0.116998 0.176185 
request 0 numel 1000 result[-50:] : 0.121103 0.194232 -0.0374618 -0.262271 -0.232704 -0.14218 -0.0417463 -0.0955287 -0.112461 -0.0670222 -0.138151 0.258991 -0.0275962 -0.326403 -0.0662274 -0.0531519 0.148677 -0.0851075 0.0925607 -0.144787 -0.0302612 0.286259 0.0649765 -0.225883 0.00181384 0.498668 -0.000381406 -0.258443 -0.0383942 -0.270423 -0.10195 -0.233346 0.346206 -0.120741 -0.056784 0.0458811 0.114126 0.166328 0.0936981 -0.257319 0.0274765 -0.200955 0.270559 -0.0427965 -0.208725 -0.0834737 -0.48922 -0.113513 0.116998 0.176185 
request 1 numel 1000 result[-50:] : 0.121103 0.194232 -0.0374618 -0.262271 -0.232704 -0.14218 -0.0417463 -0.0955287 -0.112461 -0.0670222 -0.138151 0.258991 -0.0275962 -0.326403 -0.0662274 -0.0531519 0.148677 -0.0851075 0.0925607 -0.144787 -0.0302612 0.286259 0.0649765 -0.225883 0.00181384 0.498668 -0.000381406 -0.258443 -0.0383942 -0.270423 -0.10195 -0.233346 0.346206 -0.120741 -0.056784 0.0458811 0.114126 0.166328 0.0936981 -0.257319 0.0274765 -0.200955 0.270559 -0.0427965 -0.208725 -0.0834737 -0.48922 -0.113513 0.116998 0.176185 
request 2 numel 1000 result[-50:] : 0.121103 0.194232 -0.0374618 -0.262271 -0.232704 -0.14218 -0.0417463 -0.0955287 -0.112461 -0.0670222 -0.138151 0.258991 -0.0275962 -0.326403 -0.0662274 -0.0531519 0.148677 -0.0851075 0.0925607 -0.144787 -0.0302612 0.286259 0.0649765 -0.225883 0.00181384 0.498668 -0.000381406 -0.258443 -0.0383942 -0.270423 -0.10195 -0.233346 0.346206 -0.120741 -0.056784 0.0458811 0.114126 0.166328 0.0936981 -0.257319 0.0274765 -0.200955 0.270559 -0.0427965 -0.208725 -0.0834737 -0.48922 -0.113513 0.116998 0.176185 
request 0 numel 1000 result[-50:] : 0.121103 0.194232 -0.0374618 -0.262271 -0.232704 -0.14218 -0.0417463 -0.0955287 -0.112461 -0.0670222 -0.138151 0.258991 -0.0275962 -0.326403 -0.0662274 -0.0531519 0.148677 -0.0851075 0.0925607 -0.144787 -0.0302612 0.286259 0.0649765 -0.225883 0.00181384 0.498668 -0.000381406 -0.258443 -0.0383942 -0.270423 -0.10195 -0.233346 0.346206 -0.120741 -0.056784 0.0458811 0.114126 0.166328 0.0936981 -0.257319 0.0274765 -0.200955 0.270559 -0.0427965 -0.208725 -0.0834737 -0.48922 -0.113513 0.116998 0.176185 
request 1 numel 1000 result[-50:] : 0.121103 0.194232 -0.0374618 -0.262271 -0.232704 -0.14218 -0.0417463 -0.0955287 -0.112461 -0.0670222 -0.138151 0.258991 -0.0275962 -0.326403 -0.0662274 -0.0531519 0.148677 -0.0851075 0.0925607 -0.144787 -0.0302612 0.286259 0.0649765 -0.225883 0.00181384 0.498668 -0.000381406 -0.258443 -0.0383942 -0.270423 -0.10195 -0.233346 0.346206 -0.120741 -0.056784 0.0458811 0.114126 0.166328 0.0936981 -0.257319 0.0274765 -0.200955 0.270559 -0.0427965 -0.208725 -0.0834737 -0.48922 -0.113513 0.116998 0.176185 
request 0 numel 1000 result[-50:] : 0.121103 0.194232 -0.0374618 -0.262271 -0.232704 -0.14218 -0.0417463 -0.0955287 -0.112461 -0.0670222 -0.138151 0.258991 -0.0275962 -0.326403 -0.0662274 -0.0531519 0.148677 -0.0851075 0.0925607 -0.144787 -0.0302612 0.286259 0.0649765 -0.225883 0.00181384 0.498668 -0.000381406 -0.258443 -0.0383942 -0.270423 -0.10195 -0.233346 0.346206 -0.120741 -0.056784 0.0458811 0.114126 0.166328 0.0936981 -0.257319 0.0274765 -0.200955 0.270559 -0.0427965 -0.208725 -0.0834737 -0.48922 -0.113513 0.116998 0.176185 
request 1 numel 1000 result[-50:] : 0.121103 0.194232 -0.0374618 -0.262271 -0.232704 -0.14218 -0.0417463 -0.0955287 -0.112461 -0.0670222 -0.138151 0.258991 -0.0275962 -0.326403 -0.0662274 -0.0531519 0.148677 -0.0851075 0.0925607 -0.144787 -0.0302612 0.286259 0.0649765 -0.225883 0.00181384 0.498668 -0.000381406 -0.258443 -0.0383942 -0.270423 -0.10195 -0.233346 0.346206 -0.120741 -0.056784 0.0458811 0.114126 0.166328 0.0936981 -0.257319 0.0274765 -0.200955 0.270559 -0.0427965 -0.208725 -0.0834737 -0.48922 -0.113513 0.116998 0.176185 
request 0 numel 1000 result[-50:] : 0.121103 0.194232 -0.0374618 -0.262271 -0.232704 -0.14218 -0.0417463 -0.0955287 -0.112461 -0.0670222 -0.138151 0.258991 -0.0275962 -0.326403 -0.0662274 -0.0531519 0.148677 -0.0851075 0.0925607 -0.144787 -0.0302612 0.286259 0.0649765 -0.225883 0.00181384 0.498668 -0.000381406 -0.258443 -0.0383942 -0.270423 -0.10195 -0.233346 0.346206 -0.120741 -0.056784 0.0458811 0.114126 0.166328 0.0936981 -0.257319 0.0274765 -0.200955 0.270559 -0.0427965 -0.208725 -0.0834737 -0.48922 -0.113513 0.116998 0.176185 
request 1 numel 1000 result[-50:] : 0.121103 0.194232 -0.0374618 -0.262271 -0.232704 -0.14218 -0.0417463 -0.0955287 -0.112461 -0.0670222 -0.138151 0.258991 -0.0275962 -0.326403 -0.0662274 -0.0531519 0.148677 -0.0851075 0.0925607 -0.144787 -0.0302612 0.286259 0.0649765 -0.225883 0.00181384 0.498668 -0.000381406 -0.258443 -0.0383942 -0.270423 -0.10195 -0.233346 0.346206 -0.120741 -0.056784 0.0458811 0.114126 0.166328 0.0936981 -0.257319 0.0274765 -0.200955 0.270559 -0.0427965 -0.208725 -0.0834737 -0.48922 -0.113513 0.116998 0.176185 
request 2 numel 1000 result[-50:] : 0.121103 0.194232 -0.0374618 -0.262271 -0.232704 -0.14218 -0.0417463 -0.0955287 -0.112461 -0.0670222 -0.138151 0.258991 -0.0275962 -0.326403 -0.0662274 -0.0531519 0.148677 -0.0851075 0.0925607 -0.144787 -0.0302612 0.286259 0.0649765 -0.225883 0.00181384 0.498668 -0.000381406 -0.258443 -0.0383942 -0.270423 -0.10195 -0.233346 0.346206 -0.120741 -0.056784 0.0458811 0.114126 0.166328 0.0936981 -0.257319 0.0274765 -0.200955 0.270559 -0.0427965 -0.208725 -0.0834737 -0.48922 -0.113513 0.116998 0.176185 
request 0 numel 1000 result[-50:] : 0.121103 0.194232 -0.0374618 -0.262271 -0.232704 -0.14218 -0.0417463 -0.0955287 -0.112461 -0.0670222 -0.138151 0.258991 -0.0275962 -0.326403 -0.0662274 -0.0531519 0.148677 -0.0851075 0.0925607 -0.144787 -0.0302612 0.286259 0.0649765 -0.225883 0.00181384 0.498668 -0.000381406 -0.258443 -0.0383942 -0.270423 -0.10195 -0.233346 0.346206 -0.120741 -0.056784 0.0458811 0.114126 0.166328 0.0936981 -0.257319 0.0274765 -0.200955 0.270559 -0.0427965 -0.208725 -0.0834737 -0.48922 -0.113513 0.116998 0.176185 
request 1 numel 1000 result[-50:] : 0.121103 0.194232 -0.0374618 -0.262271 -0.232704 -0.14218 -0.0417463 -0.0955287 -0.112461 -0.0670222 -0.138151 0.258991 -0.0275962 -0.326403 -0.0662274 -0.0531519 0.148677 -0.0851075 0.0925607 -0.144787 -0.0302612 0.286259 0.0649765 -0.225883 0.00181384 0.498668 -0.000381406 -0.258443 -0.0383942 -0.270423 -0.10195 -0.233346 0.346206 -0.120741 -0.056784 0.0458811 0.114126 0.166328 0.0936981 -0.257319 0.0274765 -0.200955 0.270559 -0.0427965 -0.208725 -0.0834737 -0.48922 -0.113513 0.116998 0.176185 
request 0 numel 1000 result[-50:] : 0.121103 0.194232 -0.0374618 -0.262271 -0.232704 -0.14218 -0.0417463 -0.0955287 -0.112461 -0.0670222 -0.138151 0.258991 -0.0275962 -0.326403 -0.0662274 -0.0531519 0.148677 -0.0851075 0.0925607 -0.144787 -0.0302612 0.286259 0.0649765 -0.225883 0.00181384 0.498668 -0.000381406 -0.258443 -0.0383942 -0.270423 -0.10195 -0.233346 0.346206 -0.120741 -0.056784 0.0458811 0.114126 0.166328 0.0936981 -0.257319 0.0274765 -0.200955 0.270559 -0.0427965 -0.208725 -0.0834737 -0.48922 -0.113513 0.116998 0.176185 
request 1 numel 1000 result[-50:] : 0.121103 0.194232 -0.0374618 -0.262271 -0.232704 -0.14218 -0.0417463 -0.0955287 -0.112461 -0.0670222 -0.138151 0.258991 -0.0275962 -0.326403 -0.0662274 -0.0531519 0.148677 -0.0851075 0.0925607 -0.144787 -0.0302612 0.286259 0.0649765 -0.225883 0.00181384 0.498668 -0.000381406 -0.258443 -0.0383942 -0.270423 -0.10195 -0.233346 0.346206 -0.120741 -0.056784 0.0458811 0.114126 0.166328 0.0936981 -0.257319 0.0274765 -0.200955 0.270559 -0.0427965 -0.208725 -0.0834737 -0.48922 -0.113513 0.116998 0.176185 
request 0 numel 1000 result[-50:] : 0.121103 0.194232 -0.0374618 -0.262271 -0.232704 -0.14218 -0.0417463 -0.0955287 -0.112461 -0.0670222 -0.138151 0.258991 -0.0275962 -0.326403 -0.0662274 -0.0531519 0.148677 -0.0851075 0.0925607 -0.144787 -0.0302612 0.286259 0.0649765 -0.225883 0.00181384 0.498668 -0.000381406 -0.258443 -0.0383942 -0.270423 -0.10195 -0.233346 0.346206 -0.120741 -0.056784 0.0458811 0.114126 0.166328 0.0936981 -0.257319 0.0274765 -0.200955 0.270559 -0.0427965 -0.208725 -0.0834737 -0.48922 -0.113513 0.116998 0.176185 
request 1 numel 1000 result[-50:] : 0.121103 0.194232 -0.0374618 -0.262271 -0.232704 -0.14218 -0.0417463 -0.0955287 -0.112461 -0.0670222 -0.138151 0.258991 -0.0275962 -0.326403 -0.0662274 -0.0531519 0.148677 -0.0851075 0.0925607 -0.144787 -0.0302612 0.286259 0.0649765 -0.225883 0.00181384 0.498668 -0.000381406 -0.258443 -0.0383942 -0.270423 -0.10195 -0.233346 0.346206 -0.120741 -0.056784 0.0458811 0.114126 0.166328 0.0936981 -0.257319 0.0274765 -0.200955 0.270559 -0.0427965 -0.208725 -0.0834737 -0.48922 -0.113513 0.116998 0.176185 
request 2 numel 1000 result[-50:] : 0.121103 0.194232 -0.0374618 -0.262271 -0.232704 -0.14218 -0.0417463 -0.0955287 -0.112461 -0.0670222 -0.138151 0.258991 -0.0275962 -0.326403 -0.0662274 -0.0531519 0.148677 -0.0851075 0.0925607 -0.144787 -0.03